{"id":"97998b29-70a0-448c-82b0-0804385ad5da","revision":0,"last_node_id":6,"last_link_id":5,"nodes":[{"id":1,"type":"NotebookCell","pos":[2294.539222387879,-37.658756017449605],"size":[829,1001],"flags":{},"order":0,"mode":0,"inputs":[{"localized_name":"input","name":"input","shape":7,"type":"*","link":null},{"localized_name":"input_2","name":"input_2","shape":7,"type":"*","link":null},{"localized_name":"code","name":"code","type":"STRING","widget":{"name":"code"},"link":null}],"outputs":[{"localized_name":"Result","name":"Result","type":"*","links":[1]},{"localized_name":"Plot","name":"Plot","type":"IMAGE","links":null},{"localized_name":"Stdout","name":"Stdout","type":"STRING","links":null}],"properties":{"Node name for S&R":"NotebookCell"},"widgets_values":["import numpy as np\nfrom scipy.spatial.distance import pdist, squareform\n\nX = np.array([\n    [1.0, 1.0],\n    [2.0, 1.0],\n    [1.0, 4.0],\n])\n\n\n# six points along a spiral, shifted away from origin\ntheta = np.linspace(0.5, 3.5, 6)     # angles\nr = np.linspace(0.5, 2.0, 6)         # increasing radius\n\nx = 2 + r * np.cos(theta)\ny = 2 + r * np.sin(theta)\n\nX = np.column_stack([x, y])\n\nprint(X)\n\n\ndef avg_log_fold(u, v):\n    return np.mean(np.abs(np.log(u) - np.log(v)))\n\n# compute pairwise distances\nD = squareform(pdist(X, metric=avg_log_fold))\n# D = squareform(pdist(X, metric=\"euclidean\"))\n\nprint(\"Distance matrix:\")\nprint(D)","​[[2.43879128 2.23971277]\n [2.3628769  2.71296589]\n [1.85827106 3.09083129]\n [1.06721357 3.0439873 ]\n [0.34937112 2.40672386]\n [0.12708663 1.29843354]]\nDistance matrix:\n[[0.         0.11165873 0.29697424 0.56663603 1.00752094 1.74978897]\n [0.11165873 0.         0.1853155  0.4549773  1.01563824 1.82982506]\n [0.29697424 0.1853155  0.         0.28493361 0.96072036 1.77490718]\n [0.56663603 0.4549773  0.28493361 0.         0.67578675 1.48997357]\n [1.00752094 1.01563824 0.96072036 0.67578675 0.         0.81418682]\n [1.74978897 1.82982506 1.77490718 1.48997357 0.81418682 0.        ]]\n"]},{"id":6,"type":"SaveImage","pos":[5501.305641523043,9.443730105916224],"size":[1133.9400000000005,668.0899999999998],"flags":{},"order":4,"mode":0,"inputs":[{"localized_name":"images","name":"images","type":"IMAGE","link":5},{"localized_name":"filename_prefix","name":"filename_prefix","type":"STRING","widget":{"name":"filename_prefix"},"link":null}],"outputs":[],"properties":{},"widgets_values":["ComfyUI"]},{"id":2,"type":"NotebookCell","pos":[3195.539222387879,-28.658756017449605],"size":[773,1052],"flags":{},"order":1,"mode":0,"inputs":[{"localized_name":"input","name":"input","shape":7,"type":"*","link":1},{"localized_name":"input_2","name":"input_2","shape":7,"type":"*","link":null},{"localized_name":"code","name":"code","type":"STRING","widget":{"name":"code"},"link":null}],"outputs":[{"localized_name":"Result","name":"Result","type":"*","links":[3]},{"localized_name":"Plot","name":"Plot","type":"IMAGE","links":null},{"localized_name":"Stdout","name":"Stdout","type":"STRING","links":null}],"properties":{"Node name for S&R":"NotebookCell"},"widgets_values":["n = D.shape[0]\nH = np.eye(n) - np.ones((n, n)) / n\nB = -0.5 * H @ (D ** 2) @ H\n\n# Do this ONCE\neigvals, eigvecs = np.linalg.eigh(B)\nidx = np.argsort(eigvals)[::-1]\neigvals = eigvals[idx]\neigvecs = eigvecs[:, idx]\n\nprint(\"Distance matrix:\")\nprint(D)\nprint()\n\nprint(\"Eigenvalues:\")\nprint(eigvals)\nprint()","​Distance matrix:\n[[0.         0.11165873 0.29697424 0.56663603 1.00752094 1.74978897]\n [0.11165873 0.         0.1853155  0.4549773  1.01563824 1.82982506]\n [0.29697424 0.1853155  0.         0.28493361 0.96072036 1.77490718]\n [0.56663603 0.4549773  0.28493361 0.         0.67578675 1.48997357]\n [1.00752094 1.01563824 0.96072036 0.67578675 0.         0.81418682]\n [1.74978897 1.82982506 1.77490718 1.48997357 0.81418682 0.        ]]\n\nEigenvalues:\n[ 2.65410373e+00  1.47952110e-01  1.66754347e-02 -3.63256456e-16\n -1.05343659e-02 -3.92302430e-02]\n\n"]},{"id":4,"type":"NotebookCell","pos":[4024.2056415230427,0.6937301059163019],"size":[612.9999999999991,941.4000000000001],"flags":{},"order":2,"mode":0,"inputs":[{"localized_name":"input","name":"input","shape":7,"type":"*","link":3},{"localized_name":"input_2","name":"input_2","shape":7,"type":"*","link":null},{"localized_name":"code","name":"code","type":"STRING","widget":{"name":"code"},"link":null}],"outputs":[{"localized_name":"Result","name":"Result","type":"*","links":[4]},{"localized_name":"Plot","name":"Plot","type":"IMAGE","links":null},{"localized_name":"Stdout","name":"Stdout","type":"STRING","links":null}],"properties":{"Node name for S&R":"NotebookCell"},"widgets_values":["coords_1d = eigvecs[:, 0] * np.sqrt(max(eigvals[0], 0))\n\nprint(\"1-D coordinates:\")\nprint(coords_1d)\nprint()\n\n# Check reconstructed 1D distances\nD_1d = squareform(pdist(coords_1d.reshape(-1, 1)))\nprint(\"Distances from 1-D embedding:\")\nprint(D_1d)\nprint()\n\nprint(\"Difference (D_1d - D):\")\nprint(D_1d - D)\n\ncoords_2d = eigvecs[:, :2] * np.sqrt(eigvals[:2])\n\nprint(\"2-D coordinates:\")\nprint(coords_2d)\nprint()","​1-D coordinates:\n[-0.48011718 -0.55939504 -0.49995056 -0.19298077  0.46447812  1.26796544]\n\nDistances from 1-D embedding:\n[[0.         0.07927786 0.01983338 0.28713642 0.9445953  1.74808262]\n [0.07927786 0.         0.05944447 0.36641427 1.02387315 1.82736048]\n [0.01983338 0.05944447 0.         0.3069698  0.96442868 1.767916  ]\n [0.28713642 0.36641427 0.3069698  0.         0.65745888 1.4609462 ]\n [0.9445953  1.02387315 0.96442868 0.65745888 0.         0.80348732]\n [1.74808262 1.82736048 1.767916   1.4609462  0.80348732 0.        ]]\n\nDifference (D_1d - D):\n[[ 0.         -0.03238088 -0.27714086 -0.27949962 -0.06292564 -0.00170635]\n [-0.03238088  0.         -0.12587103 -0.08856303  0.00823492 -0.00246459]\n [-0.27714086 -0.12587103  0.          0.02203619  0.00370832 -0.00699118]\n [-0.27949962 -0.08856303  0.02203619  0.         -0.01832786 -0.02902737]\n [-0.06292564  0.00823492  0.00370832 -0.01832786  0.         -0.0106995 ]\n [-0.00170635 -0.00246459 -0.00699118 -0.02902737 -0.0106995   0.        ]]\n2-D coordinates:\n[[-0.48011718 -0.25780492]\n [-0.55939504 -0.06555383]\n [-0.49995056  0.09194223]\n [-0.19298077  0.23503555]\n [ 0.46447812  0.08031781]\n [ 1.26796544 -0.08393684]]\n\n"]},{"id":5,"type":"NotebookCell","pos":[4685.765641523043,14.283730105916248],"size":[750.3599999999997,944.8200000000003],"flags":{},"order":3,"mode":0,"inputs":[{"localized_name":"input","name":"input","shape":7,"type":"*","link":4},{"localized_name":"input_2","name":"input_2","shape":7,"type":"*","link":null},{"localized_name":"code","name":"code","type":"STRING","widget":{"name":"code"},"link":null}],"outputs":[{"localized_name":"Result","name":"Result","type":"*","links":null},{"localized_name":"Plot","name":"Plot","type":"IMAGE","links":[5]},{"localized_name":"Stdout","name":"Stdout","type":"STRING","links":null}],"properties":{"Node name for S&R":"NotebookCell"},"widgets_values":["fig, ax = plt.subplots(1, 3, figsize=(15,4))\n\n# ---- Original data ----\nax[0].scatter(X[:,0], X[:,1], s=100)\n\nfor i, p in enumerate(X):\n    ax[0].text(p[0]+0.05, p[1]+0.05, f\"P{i+1}\")\n\nax[0].set_title(\"Original 2D Data\")\nax[0].set_xlabel(\"Feature 1\")\nax[0].set_ylabel(\"Feature 2\")\nax[0].grid(True)\nax[0].set_aspect('equal', adjustable='box')\n\n\n# ---- 1D embedding ----\nax[1].scatter(coords_1d, np.zeros_like(coords_1d), s=100)\n\nfor i, x in enumerate(coords_1d):\n    ax[1].text(x+0.01, 0.02, f\"P{i+1}\")\n\nax[1].set_title(\"1D MDS Embedding\")\nax[1].set_xlabel(\"MDS coordinate\")\nax[1].set_yticks([])\nax[1].grid(True)\n\n\n# ---- 2D embedding ----\nax[2].scatter(coords_2d[:,0], coords_2d[:,1], s=100)\n\nfor i, p in enumerate(coords_2d):\n    ax[2].text(p[0]+0.02, p[1]+0.02, f\"P{i+1}\")\n\nax[2].set_title(\"2D MDS Embedding\")\nax[2].set_xlabel(\"MDS dim 1\")\nax[2].set_ylabel(\"MDS dim 2\")\nax[2].grid(True)\nax[2].set_aspect('equal', adjustable='box')\n\n\nplt.tight_layout()\nplt.show()","​"]}],"links":[[1,1,0,2,0,"*"],[3,2,0,4,0,"*"],[4,4,0,5,0,"*"],[5,5,1,6,0,"IMAGE"]],"groups":[],"config":{},"extra":{"workflowRendererVersion":"LG","ds":{"scale":0.9090909090909091,"offset":[-1564.3864569560944,130.15586460978625]}},"version":0.4}